9.681956723189030001e+00
8.181617308138676492e+00
6.817735040391970536e+00
5.576904793987896625e+00
4.450244673201661172e+00
3.431131793669081276e+00
2.512857732378324993e+00
1.687611741112784669e+00
9.474777584791850282e-01
2.868945062915467803e-01
-2.950548167750655093e-01
-7.942041347599680945e-01
-1.203305284900484162e+00
-1.515667807035530501e+00
-1.728870624892312691e+00
-1.847059741494861518e+00
-1.881014967584101694e+00
-1.846125655870590743e+00
-1.759284196462229666e+00
-1.636014086527316502e+00
-1.488730241491484474e+00
-1.326255131383811126e+00
-1.154147537850988892e+00
-9.753108411004922651e-01
-7.906012856820712198e-01
-5.994453586193869699e-01
-4.005809159207365244e-01
-1.929457514287799269e-01
2.340880267566448555e-02
2.465567280341577905e-01
4.722094902745053169e-01
6.935505479357328973e-01
9.014333178735520757e-01
1.085006880858980116e+00
1.232800131414270473e+00
1.334179614525220270e+00
1.380962565287365384e+00
1.368892168082148419e+00
1.298690017248745665e+00
1.176465503827162973e+00
1.013355677305113112e+00
8.243871068385614231e-01
6.266930736154471271e-01
4.373604982855016643e-01
2.712730034109955835e-01
1.393196957818807757e-01
4.725316062903592296e-02
-4.657522221485108777e-03
-2.117542405790297927e-02
-1.096230223103680096e-02
1.502827162049004406e-02
4.535369137137770096e-02
6.976483061143048947e-02
8.046226300934353204e-02
7.269677346692703102e-02
4.462677127607529021e-02
-3.475742211940772639e-03
-7.041222115960384109e-02
-1.552768958442516112e-01
-2.583446076745355979e-01
-3.813633862951701370e-01
-5.271618613584813096e-01
-6.986783532993016133e-01
-8.976834902855960197e-01
-1.123559177942422105e+00
-1.372490815647171347e+00
-1.637323420891527936e+00
-1.908143706806078033e+00
-2.173425609215134280e+00
-2.421392826339512805e+00
-2.641192235529183918e+00
-2.823578541358167993e+00
-2.961041629486021787e+00
-3.047546456034561313e+00
-3.078172089262502631e+00
-3.048871507030000760e+00
-2.956377591756101264e+00
-2.798094198113175501e+00
-2.571787157900681020e+00
-2.275087617976706778e+00
-1.905129275181119963e+00
-1.458816387653024904e+00
-9.340434025238510962e-01
-3.316681610572371763e-01
3.425222763241171919e-01
1.076804196445632300e+00
1.854026953665459887e+00
2.653440594247403528e+00
3.453033375920256276e+00
4.231509010407936699e+00
4.969467684252141026e+00
5.649865122043085996e+00
6.258013232385279956e+00
6.781202243617459047e+00
7.207739500399429566e+00
7.525115641605758299e+00
7.717175827029715940e+00
7.760354482496374828e+00
7.618862976401757692e+00
7.237777536760844121e+00
