-1.166979074174382447e+01
-9.945494979067719399e+00
-8.289352527578781604e+00
-6.727549196514951646e+00
-5.273440426997773045e+00
-3.933232558552911318e+00
-2.708673578947727201e+00
-1.599310478586705608e+00
-6.050975694653186743e-01
2.712138519984862439e-01
1.023280339342378387e+00
1.643118657977682862e+00
2.125564942186564554e+00
2.473135848773251322e+00
2.698269523359823729e+00
2.821068676467627157e+00
2.863411897319194654e+00
2.842604365783917064e+00
2.767807758099444904e+00
2.640501357862325094e+00
2.457938744231277450e+00
2.217471387385636650e+00
1.919894471183346552e+00
1.570932909065063443e+00
1.180920262677170873e+00
7.633059031063152977e-01
3.328218482661872701e-01
-9.598328329446177698e-02
-5.094842343098761051e-01
-8.950652725907148888e-01
-1.240954998192617564e+00
-1.536292421285488263e+00
-1.771721423567210296e+00
-1.940492468037707807e+00
-2.039779278490553960e+00
-2.071795070839435482e+00
-2.044310935605177182e+00
-1.970292511123686419e+00
-1.866556170422777106e+00
-1.751587797858801032e+00
-1.642917478388367991e+00
-1.554615380996519525e+00
-1.495486746169373715e+00
-1.468373413896280955e+00
-1.470668100188202931e+00
-1.495821205457992908e+00
-1.535380609812575292e+00
-1.581026702577542631e+00
-1.626157250636717677e+00
-1.666784391984295954e+00
-1.701735507210685450e+00
-1.732312927547084991e+00
-1.761622563074566328e+00
-1.793747110469752437e+00
-1.832872579259391621e+00
-1.882430988359433011e+00
-1.944316213733517262e+00
-2.018249284586445036e+00
-2.101389740015204399e+00
-2.188298216454165779e+00
-2.271349189864562579e+00
-2.341661203464607155e+00
-2.390529114283365786e+00
-2.411188114813241246e+00
-2.400537597469239781e+00
-2.360299075148868830e+00
-2.297106212416377247e+00
-2.221298474320237304e+00
-2.144640382980171900e+00
-2.077605624755582969e+00
-2.027023197810183142e+00
-1.994694434877392286e+00
-1.977172645895154401e+00
-1.966493928873771946e+00
-1.951461142123604331e+00
-1.919149108336484888e+00
-1.856485672768998896e+00
-1.751883047013280237e+00
-1.596842842104564841e+00
-1.387283218091448722e+00
-1.124194242147684042e+00
-8.132690545898807466e-01
-4.634229686720128805e-01
-8.450135495080311754e-02
3.151840464933327035e-01
7.307174578668584886e-01
1.161211724586387106e+00
1.608969641026625430e+00
2.077420438443152495e+00
2.568470678469014334e+00
3.080049319036731514e+00
3.604480219369582183e+00
4.127970970530029149e+00
4.631117904121961004e+00
5.090045136318222418e+00
5.477711525461550934e+00
5.765010639414031246e+00
5.921414965964825861e+00
5.914885883946602974e+00
5.710365648030813368e+00
