-3.654582379495551203e-01
-2.252173193325956724e-01
-1.373081426216766765e-01
-8.917693718104020839e-02
-7.075496219820111288e-02
-7.184517618722059684e-02
-8.108669142489191572e-02
-8.692440434209856848e-02
-8.027197358386779780e-02
-5.753687978154161525e-02
-2.212942617753158384e-02
1.686399589049835529e-02
4.857916508021190710e-02
6.494463731829455688e-02
6.356333763083925337e-02
4.764875652660661293e-02
2.356752770569549640e-02
-2.291109795703540324e-03
-2.570575046754591808e-02
-4.521580149771493862e-02
-6.141272200712401264e-02
-7.566307014455277147e-02
-8.893467332843733864e-02
-1.011032669931728745e-01
-1.108229943603432632e-01
-1.158507916601911603e-01
-1.136282054372595302e-01
-1.019152795367898323e-01
-7.931007615524672538e-02
-4.555355408944648105e-02
-1.595456266491128081e-03
5.053733698341242309e-02
1.079902187047328960e-01
1.673637271753356248e-01
2.249691409211271309e-01
2.770348255096530821e-01
3.198787690984394305e-01
3.500831220694144985e-01
3.647029301345606211e-01
3.615187917396032180e-01
3.393132020568160878e-01
2.981225708817359932e-01
2.393982563074590897e-01
1.660073388812816075e-01
8.202366523525364550e-02
-7.696706416373614613e-03
-9.810197450008065201e-02
-1.845813949687839517e-01
-2.635077253497029592e-01
-3.325520178889141421e-01
-3.906983248851155222e-01
-4.379788559761332856e-01
-4.750390277138383799e-01
-5.026877981574107146e-01
-5.215714216409523818e-01
-5.320394011998722528e-01
-5.341866434537752006e-01
-5.279961275997897552e-01
-5.134931919464003069e-01
-4.908495840514068287e-01
-4.604181326735785618e-01
-4.227119390699197177e-01
-3.783528127192129498e-01
-3.280061937285516649e-01
-2.723086966262742159e-01
-2.117936925167722972e-01
-1.468322397855943151e-01
-7.761942151271472579e-02
-4.234690607326571134e-03
7.321447627683179415e-02
1.543823294259610013e-01
2.384435457510003520e-01
3.238648881363790366e-01
4.082392933381164268e-01
4.882396129141415297e-01
5.597517680756394221e-01
6.182262996158145452e-01
6.592295053723289389e-01
6.790890896607745253e-01
6.754517474752895767e-01
6.475527099875568737e-01
5.960737751998843592e-01
5.226228241638071204e-01
4.290360286942464518e-01
3.167907936121374113e-01
1.867629731981653163e-01
3.938974453740203691e-02
-1.248889856087479627e-01
-3.051366448086665351e-01
-4.995765600555814867e-01
-7.055070696889688131e-01
-9.194872989496696292e-01
-1.137741956457216874e+00
-1.356691625092576903e+00
-1.573479473701319797e+00
-1.786354567854833819e+00
-1.994840280890400441e+00
-2.199806479792584035e+00
-2.403846300003134928e+00
-2.612630270147488609e+00
