-5.157089051589300865e+00
-5.256425679534903139e+00
-5.143841848076309731e+00
-4.892176075859272721e+00
-4.547583318112126349e+00
-4.145610516083285013e+00
-3.716517478738170066e+00
-3.285814640248269747e+00
-2.872662253846684166e+00
-2.487581413277552222e+00
-2.130802309025806807e+00
-1.792822974850591500e+00
-1.458435454626829664e+00
-1.113886937013082390e+00
-7.545413604953177256e-01
-3.892720928440934203e-01
-3.924160614351258902e-02
2.681791125537516529e-01
5.072588746277225669e-01
6.603373683065307809e-01
7.212265094485013073e-01
6.956452045966456943e-01
5.995249244181419801e-01
4.559518108588459517e-01
2.912362314076443193e-01
1.306270985860284728e-01
-5.508856746166485713e-03
-1.040666164165814089e-01
-1.595334722245590198e-01
-1.725009883687736723e-01
-1.473763148389986566e-01
-9.046634790154636785e-02
-9.028749389209219517e-03
8.892784560458580345e-02
1.947275100115234969e-01
2.994648380273768340e-01
3.948420569293470961e-01
4.741579124042648585e-01
5.331651256787127702e-01
5.706142518746624148e-01
5.883962872027737045e-01
5.912473209351506442e-01
5.860216769634282175e-01
5.806034445417354029e-01
5.826023270505846785e-01
5.980444397638396969e-01
6.303005838967528085e-01
6.794757784021863145e-01
7.424030597740722826e-01
8.132513630255339132e-01
8.846114073512590936e-01
9.488196531445161064e-01
9.992555851522436638e-01
1.031397693096371970e+00
1.043508706475491321e+00
1.036894462219231983e+00
1.015720572777796038e+00
9.863886404100929983e-01
9.565015839524134700e-01
9.335114954020539146e-01
9.232397075629995564e-01
9.285504229270630239e-01
9.484943336608431252e-01
9.781816389262656397e-01
1.009500306203113373e+00
1.032609584553013660e+00
1.037962420411249198e+00
1.018470795002860418e+00
9.713324855052574147e-01
8.990145329807708308e-01
8.090058385314818912e-01
7.122605973355988773e-01
6.206963949916850520e-01
5.444932446015892102e-01
4.900436641796974135e-01
4.591380830073421571e-01
4.494425872992101056e-01
4.557896025612249713e-01
4.715274419831942954e-01
4.893166721160843169e-01
5.012529063665425166e-01
4.987364657566387138e-01
4.727232594847060598e-01
4.146996484259267146e-01
3.181186199175208840e-01
1.795703076534156117e-01
-9.825947407366870945e-04
-2.210118601109344882e-01
-4.767569621900901722e-01
-7.643847198073155935e-01
-1.080620484028361972e+00
-1.422971125266896175e+00
-1.789812074298458899e+00
-2.180383718809167259e+00
-2.594460306750032252e+00
-3.031407988311445312e+00
-3.488472771838608377e+00
-3.958087446230714956e+00
-4.423425761939090428e+00
-4.850122844277010792e+00
