-2.568229858494300633e+00
-2.885896401359623553e+00
-3.019906211193827961e+00
-3.011808833236679472e+00
-2.876987552840974960e+00
-2.619827630865342538e+00
-2.243392365029226454e+00
-1.756618633244602323e+00
-1.179469051343267294e+00
-5.451846674148401739e-01
1.014151808652479780e-01
7.098090932035454603e-01
1.232602248085780561e+00
1.634744180717563333e+00
1.900051527881733593e+00
2.032662189138737752e+00
2.052904622967715031e+00
1.989318044100802041e+00
1.870018506726968566e+00
1.716475761277107104e+00
1.541291200297314701e+00
1.349747189413818660e+00
1.143653412162277005e+00
9.256662340523960086e-01
7.025777406236933809e-01
4.866596603388654296e-01
2.947468657925710334e-01
1.453134067160783693e-01
5.434895852696954716e-02
3.129068327011612360e-02
7.637989247853867181e-02
1.803998667455154192e-01
3.268768872229469991e-01
4.958956724882200295e-01
6.681928419679952214e-01
8.283494689596436755e-01
9.664743714148933407e-01
1.078347542210105203e+00
1.164342606237076971e+00
1.227591611196194199e+00
1.271913354888818182e+00
1.300040335823351434e+00
1.312598404065024704e+00
1.308070292531753331e+00
1.283649814415804835e+00
1.236590503399989771e+00
1.165502612902309387e+00
1.071119490606498248e+00
9.563031256613119258e-01
8.253766324236720964e-01
6.831230041065898817e-01
5.338754533684302306e-01
3.810234487503956213e-01
2.270316438086040500e-01
7.382773009639179151e-02
-7.673277164358936753e-02
-2.226145344376926072e-01
-3.617130472364440963e-01
-4.922732007748103489e-01
-6.133959193701544743e-01
-7.253737018159193140e-01
-8.297015442717758926e-01
-9.287862473506089955e-01
-1.025497191459024737e+00
-1.122683384327574974e+00
-1.222671821648912305e+00
-1.326706788964803874e+00
-1.434385730056167985e+00
-1.543317097225460177e+00
-1.649270577709338603e+00
-1.746898562447434466e+00
-1.830796326000001528e+00
-1.896486377464651207e+00
-1.941002270760140647e+00
-1.963016826922719282e+00
-1.962688565430133592e+00
-1.941444717096960870e+00
-1.901808623184315872e+00
-1.847242340575781183e+00
-1.781912598602596320e+00
-1.710313716560145414e+00
-1.636745855170860242e+00
-1.564691350531972391e+00
-1.496129926275201916e+00
-1.430823749772319964e+00
-1.365675748498840436e+00
-1.294461523954474336e+00
-1.208411610499308564e+00
-1.097969456284370704e+00
-9.554270072289242632e-01
-7.773949287630829152e-01
-5.658657923355130404e-01
-3.273063059385913909e-01
-7.035786929984753912e-02
1.964732501504704298e-01
4.657730724961898772e-01
7.300911946429887722e-01
9.786023994673387350e-01
1.191479879681768717e+00
1.331172349289717394e+00
