1.853756940291119371e+00
2.177546221975693808e+00
2.483073270132214461e+00
2.760516258070373485e+00
3.002900343266022176e+00
3.205684829381041379e+00
3.366568770123143928e+00
3.485242906748948322e+00
3.563017521244103758e+00
3.602398967174371691e+00
3.606742760062058739e+00
3.580053907413619729e+00
3.526862908100536487e+00
3.451993844838909364e+00
3.360098596921131886e+00
3.255059325737937215e+00
3.139559798327258289e+00
3.015083501874175731e+00
2.882331343718353089e+00
2.741790390465957739e+00
2.594122561565351148e+00
2.440187493980412459e+00
2.280740623385978605e+00
2.116020846974551173e+00
1.945488731840624208e+00
1.767891051334714358e+00
1.581659080394080430e+00
1.385478285281127375e+00
1.178778799707468350e+00
9.619356746541315450e-01
7.361161431062823723e-01
5.028844279718213128e-01
2.637720890786873773e-01
1.999704076588603927e-02
-2.275941719748868219e-01
-4.783983790202081532e-01
-7.318406047632514122e-01
-9.871729834293055950e-01
-1.243352946348448285e+00
-1.499014819711049107e+00
-1.752504844565889508e+00
-2.001929259768685743e+00
-2.245174807833570263e+00
-2.479893668476035096e+00
-2.703482764449834708e+00
-2.913109963725221352e+00
-3.105832682974233094e+00
-3.278818304642884485e+00
-3.429627705052007869e+00
-3.556488005047249157e+00
-3.658476405898367645e+00
-3.735564357288055248e+00
-3.788515230021904490e+00
-3.818668960107884480e+00
-3.827669491968697102e+00
-3.817191781110677695e+00
-3.788710654021237634e+00
-3.743334751429505225e+00
-3.681714751674780128e+00
-3.604029713736990548e+00
-3.510054826862801125e+00
-3.399309987947014555e+00
-3.271275414724694297e+00
-3.125639322743801074e+00
-2.962523018409545017e+00
-2.782623395400490640e+00
-2.587230077733440048e+00
-2.378111697903245947e+00
-2.157308909614466863e+00
-1.926901702332605160e+00
-1.688821605590600683e+00
-1.444754398815669028e+00
-1.196138398978182416e+00
-9.442265586792719656e-01
-6.901631908452713349e-01
-4.350323034771236275e-01
-1.798565359021194465e-01
7.444914882653087818e-02
3.271464219031122722e-01
5.777353678848945462e-01
8.259836814640052483e-01
1.071911126471809084e+00
1.315732988288992988e+00
1.557777466533575073e+00
1.798394084849208818e+00
2.037864757728699683e+00
2.276324044392765700e+00
2.513699173469436055e+00
2.749691259651042330e+00
2.983818122812878837e+00
3.215510531137321326e+00
3.444212922855779624e+00
3.669427186349883296e+00
3.890672813817853903e+00
4.107388936980219007e+00
4.318832436900116534e+00
4.524036214458845961e+00
4.721939458530802547e+00
4.911958528593318718e+00
5.095598346125712830e+00
