-5.156780540514128042e+00
-3.717487338070723624e+00
-2.523607086143212719e+00
-1.489118333093228941e+00
-5.770248835086468908e-01
2.172683268683662794e-01
8.769417621530972706e-01
1.373017678447535639e+00
1.674393509250600598e+00
1.759109912576090728e+00
1.625114346958703715e+00
1.297350745598308430e+00
8.282057402741815899e-01
2.903177750978498950e-01
-2.363703003915862688e-01
-6.792010328372553030e-01
-9.846096086556003213e-01
-1.124424599735598163e+00
-1.096427306580411543e+00
-9.206876537661334847e-01
-6.335862722899496813e-01
-2.809239570476865233e-01
8.908815922673052334e-02
4.324267294709537302e-01
7.148563078905819657e-01
9.158216701094838985e-01
1.029950231358433888e+00
1.065754832478432945e+00
1.041638088400938189e+00
9.799793582206260956e-01
9.007668111177677961e-01
8.166055137417570498e-01
7.306368085961466585e-01
6.378693592112214539e-01
5.290732402319171523e-01
3.954486733929161169e-01
2.322492493084069298e-01
4.033648553030919764e-02
-1.742726147647806756e-01
-4.020211389951641179e-01
-6.315641682590857897e-01
-8.509697554273064624e-01
-1.048236166107107792e+00
-1.211439794814387794e+00
-1.328988824297270943e+00
-1.390333554077144873e+00
-1.387198150806852270e+00
-1.315101984438141081e+00
-1.174746969012951725e+00
-9.728170368372496268e-01
-7.218669230439268558e-01
-4.392204976453734089e-01
-1.450691020335684867e-01
1.398355646990982748e-01
3.964279030576086660e-01
6.091224284356370200e-01
7.669416336313783500e-01
8.639697909865332592e-01
8.992815502510078662e-01
8.765532559569663151e-01
8.035199598723559156e-01
6.913261228653416746e-01
5.536933767116530847e-01
4.057614221239042029e-01
2.624999686139938282e-01
1.367544357641984343e-01
3.723113442278094126e-02
-3.305843400018331629e-02
-7.732376796558020071e-02
-1.041192660035077516e-01
-1.251036193140170616e-01
-1.519346747890770732e-01
-1.931089440143438085e-01
-2.515828651080821432e-01
-3.237751173790731074e-01
-4.001698764092635474e-01
-4.673553781279810027e-01
-5.110209900516182735e-01
-5.192336304967988259e-01
-4.852476777062483815e-01
-4.091936237323096082e-01
-2.982276004551350224e-01
-1.650516415114936797e-01
-2.506674328508311581e-02
1.072505329946925601e-01
2.218942957809239558e-01
3.158209885320756860e-01
3.935279257804975006e-01
4.652859667421916368e-01
5.432595989536285197e-01
6.364302830620355289e-01
7.456453705946652910e-01
8.600390471686911731e-01
9.555117706478875039e-01
9.951163374884968160e-01
9.303945473516508358e-01
7.022185033494989792e-01
2.396415923721507690e-01
-5.444294381190601939e-01
-1.761512153438748784e+00
