1.736797606125219273e+00
1.517586419147840315e+00
1.325647500294236725e+00
1.153378668234783744e+00
9.985913356427990051e-01
8.615343310611418559e-01
7.424423565033669847e-01
6.399109100898210389e-01
5.504738947105319857e-01
4.693349596272529678e-01
3.916410081671000132e-01
3.134869683600270962e-01
2.323026955237678381e-01
1.470791282189914118e-01
5.917117866662858355e-02
-2.642258972168638406e-02
-1.007282006522205314e-01
-1.530791841039217949e-01
-1.760418158765338081e-01
-1.706687871852667904e-01
-1.488328702615834831e-01
-1.307545066292850333e-01
-1.384470340728163329e-01
-1.878666653825145638e-01
-2.829970696766587190e-01
-4.140093355505270467e-01
-5.598259979726765145e-01
-6.937864530842254851e-01
-7.902649355824711286e-01
-8.302001676461591151e-01
-8.043167653607843359e-01
-7.138516695555029434e-01
-5.693475752791045119e-01
-3.883118279033009879e-01
-1.923792933024239538e-01
-4.349429281712910086e-03
1.546908180597062199e-01
2.679547680640212426e-01
3.249903046375596238e-01
3.228697958746276631e-01
2.663130274323038948e-01
1.666884682384940919e-01
4.006052508854782146e-02
-9.534643987265384313e-02
-2.217829261518200201e-01
-3.242361175784638783e-01
-3.919753583529090313e-01
-4.192333649393876760e-01
-4.050730607573609365e-01
-3.526352971275837356e-01
-2.680282808251373550e-01
-1.591096279296190241e-01
-3.435396017416045278e-02
9.807318959687325033e-02
2.309757491776119886e-01
3.585046764926418938e-01
4.762649201235922836e-01
5.811906646331355120e-01
6.712566085839449803e-01
7.451182708576941094e-01
8.017833007104873122e-01
8.403985551513951657e-01
8.601965232380406334e-01
8.605956555515057449e-01
8.414120718423692136e-01
8.031199731424529809e-01
7.470750076869190348e-01
6.755637827296977482e-01
5.914819646470487191e-01
4.974645802349049739e-01
3.945078649668658510e-01
2.805351630748846858e-01
1.497658813747581863e-01
-6.195547810905732353e-03
-1.951639145696224542e-01
-4.196958835454067671e-01
-6.725656391311242155e-01
-9.344293569764428042e-01
-1.175176943794529638e+00
-1.359184368973272772e+00
-1.453251564370807047e+00
-1.435068429824618574e+00
-1.299885053679913360e+00
-1.063553445362221073e+00
-7.609546841637725434e-01
-4.398160813787521661e-01
-1.509986837531864801e-01
6.260447575148839205e-02
1.757121589711665433e-01
1.861023957992984645e-01
1.142512931496722783e-01
-2.631434992776249433e-03
-1.201747185672994711e-01
-1.969913155310000497e-01
-2.024586192232273318e-01
-1.203414197634064542e-01
5.184579256777223366e-02
3.062558598663551734e-01
6.284109058490909838e-01
9.981802137690808374e-01
