-1.052808736005724910e+01
-9.572821184050607002e+00
-8.538880847543486752e+00
-7.479134073848658915e+00
-6.418022645941458215e+00
-5.371405688295459058e+00
-4.355648534916559456e+00
-3.390840291625628833e+00
-2.500119546289599093e+00
-1.706231069224339647e+00
-1.026664175304022653e+00
-4.692761312202186064e-01
-3.040203681030544808e-02
3.034313962373448303e-01
5.507583021176415405e-01
7.295175993154645600e-01
8.530191434083933544e-01
9.290892487088984186e-01
9.623086652834083043e-01
9.579110833721390383e-01
9.253885066984525176e-01
8.801234839257014997e-01
8.421816880660105697e-01
8.325027282276521445e-01
8.678243821540649883e-01
9.563236644854141710e-01
1.095737332627314320e+00
1.274610797340465007e+00
1.475882821573916370e+00
1.681097141859603683e+00
1.873654740021457599e+00
2.040455696532081920e+00
2.172280565777465089e+00
2.263690088536265854e+00
2.312994883447312855e+00
2.322345022499230804e+00
2.297642582927527322e+00
2.247958802946496082e+00
2.184350543460548355e+00
2.118235366157129818e+00
2.059664167998257245e+00
2.015873696062549847e+00
1.990421373370304003e+00
1.983047693406871703e+00
1.990232303747794473e+00
2.006257435170345271e+00
2.024499551913681916e+00
2.038651628699992280e+00
2.043630876743530500e+00
2.036030106168073672e+00
2.014093478799590997e+00
1.977305411936840063e+00
1.925750823282838642e+00
1.859428464697133965e+00
1.777684453026418421e+00
1.678894726646228186e+00
1.560475305111232558e+00
1.419242690934093165e+00
1.252081218824664166e+00
1.056796920060917744e+00
8.329569383235242430e-01
5.824591513206145432e-01
3.095953926385379140e-01
2.050153416268863868e-02
-2.778843973960310465e-01
-5.789981811080554541e-01
-8.774900664976109654e-01
-1.169364675642886153e+00
-1.451339401200042678e+00
-1.719658199709743318e+00
-1.968798077974583727e+00
-2.190546439468339823e+00
-2.373872900425212151e+00
-2.505931089196491435e+00
-2.574368773283627565e+00
-2.570794526717376627e+00
-2.494716551716628761e+00
-2.356707705557354426e+00
-2.179308057381596608e+00
-1.994557508113532718e+00
-1.838058951632236315e+00
-1.740733327590744395e+00
-1.720393715383653266e+00
-1.775536391351811405e+00
-1.883257727874164456e+00
-2.002172761008020441e+00
-2.079947736538473979e+00
-2.063852283023286827e+00
-1.911850645432436435e+00
-1.601451669064426042e+00
-1.134016148716408656e+00
-5.334450966003932981e-01
1.601853186597387846e-01
8.999457979173975941e-01
1.641339405860621214e+00
2.348581539088323566e+00
2.995724435002348862e+00
3.561479290587433066e+00
4.016713724426114851e+00
4.301148365806828799e+00
