-6.732159360230366651e+00
-6.565255043281725378e+00
-6.363032532727999069e+00
-6.132319061496403378e+00
-5.879461848512527844e+00
-5.607377123432571331e+00
-5.315342119837279000e+00
-5.000167478286815737e+00
-4.658018313300307689e+00
-4.286294833248291525e+00
-3.884992130953238032e+00
-3.457093228057743772e+00
-3.007932341001338106e+00
-2.543965650924705724e+00
-2.071645986087354618e+00
-1.596863231322767751e+00
-1.124894713428313819e+00
-6.605144290312034983e-01
-2.080383815472320042e-01
2.286624990960180737e-01
6.460983863861354815e-01
1.041083064426249205e+00
1.410757919420925877e+00
1.752773922181800614e+00
2.065561370501218352e+00
2.348524181987709181e+00
2.601999878086774132e+00
2.826937487657249282e+00
3.024405307852927827e+00
3.195142056784037177e+00
3.339333866500254988e+00
3.456665168923231057e+00
3.546558932468312442e+00
3.608471913850537671e+00
3.642142542314688036e+00
3.647749656757166115e+00
3.625984470441267149e+00
3.578054867809127959e+00
3.505641719624525976e+00
3.410824641597383522e+00
3.295995367035977619e+00
3.163779657464313999e+00
3.016989291526586570e+00
2.858620052693217506e+00
2.691898047311275466e+00
2.520357101977277914e+00
2.347909966772332879e+00
2.178863052161012615e+00
2.017825190842046368e+00
1.869478724386551383e+00
1.738214025512519578e+00
1.627668821453321035e+00
1.540250057077660717e+00
1.476736642494405727e+00
1.436057528743145628e+00
1.415308752596532438e+00
1.410021144534923554e+00
1.414630841551729912e+00
1.423055804889669318e+00
1.429260324932827286e+00
1.427704836949156286e+00
1.413625180026949701e+00
1.383144502691339373e+00
1.333266875437562060e+00
1.261816120205054848e+00
1.167366549879280901e+00
1.049182265034435790e+00
9.071614365324069951e-01
7.417837839319851856e-01
5.540768331030511140e-01
3.456289251090156056e-01
1.186629068873178566e-01
-1.238626503534073497e-01
-3.782196135533161807e-01
-6.400730974293599163e-01
-9.049273048439901990e-01
-1.168798319536195729e+00
-1.428868083348546314e+00
-1.683774926874668898e+00
-1.933325945464994478e+00
-2.177760675322676143e+00
-2.417024060325819512e+00
-2.650527719019490913e+00
-2.877513203284492338e+00
-3.097643684946844722e+00
-3.311265744327274607e+00
-3.519107213868455375e+00
-3.721755079778825692e+00
-3.919537706552451262e+00
-4.113082137639898050e+00
-4.304101493939969991e+00
-4.495572029451708751e+00
-4.690810854829062571e+00
-4.891792351129982563e+00
-5.097646829284007808e+00
-5.304222773465030905e+00
-5.505027109394741380e+00
-5.693311138374056668e+00
-5.864952602295316453e+00
-6.022186642192164818e+00
