-6.702002328038900281e+00
-7.824421585510472177e+00
-8.557720728995480641e+00
-8.972574427413418263e+00
-9.110507250322195105e+00
-9.000315891149801573e+00
-8.666259038649242186e+00
-8.131726893207749995e+00
-7.420603516586854909e+00
-6.557922454965797066e+00
-5.570735540378557893e+00
-4.489206078301466896e+00
-3.347215152168105501e+00
-2.181706870682421417e+00
-1.030586668103705694e+00
7.027983081497315987e-02
1.090040063742680587e+00
2.004955692765126418e+00
2.799171773942624508e+00
3.464195384748083306e+00
3.997551793930218089e+00
4.401236683899746538e+00
4.680413711539228139e+00
4.842504372452286709e+00
4.896610028018577587e+00
4.853158884884164692e+00
4.723694519823707694e+00
4.520728207218653871e+00
4.257571494730738593e+00
3.948100090746082369e+00
3.606470102910575015e+00
3.246841176336489720e+00
2.883112260513375436e+00
2.528591049207856045e+00
2.195492292151539182e+00
1.894241190013862486e+00
1.632702886509571627e+00
1.415568070593691052e+00
1.244115722993531570e+00
1.116441587690156112e+00
1.028061932085925223e+00
9.726821113965364862e-01
9.429176644009511499e-01
9.308494443648072103e-01
9.284097783095665024e-01
9.276718875442580003e-01
9.211351519523223175e-01
9.020818180305854028e-01
8.650415397762990510e-01
8.063400845162356223e-01
7.246343439992743996e-01
6.212779218548699633e-01
5.003627806533645916e-01
3.683625891059352786e-01
2.334345405321411604e-01
1.045536895353292167e-01
-9.304867486932212953e-03
-9.977738481540539273e-02
-1.594839604063088556e-01
-1.822631596747892324e-01
-1.634450044773745059e-01
-1.003137482753636150e-01
7.210340042477485917e-03
1.558060054830189556e-01
3.381583502244094319e-01
5.427962314763795648e-01
7.545007272359178785e-01
9.552658820445720789e-01
1.125682541187007724e+00
1.246588528509659177e+00
1.300843739842404423e+00
1.275086458565162006e+00
1.161280339389939131e+00
9.577872161990311772e-01
6.696525158929559352e-01
3.078542034198131772e-01
-1.124718802549568297e-01
-5.743737020233024015e-01
-1.061120040149556853e+00
-1.557017591022159531e+00
-2.046635845762855954e+00
-2.513010691825273035e+00
-2.936161045780325995e+00
-3.293235584048310294e+00
-3.560670510215111939e+00
-3.717403562670659856e+00
-3.747346679126151603e+00
-3.639624161068692576e+00
-3.386420415535583039e+00
-2.979760591772617317e+00
-2.409130841563263736e+00
-1.661156964953112603e+00
-7.211699700755564990e-01
4.245908312436949550e-01
1.787506081218381171e+00
3.376509024557232230e+00
5.199261583473870907e+00
7.264056883155389777e+00
9.582233825311590181e+00
1.217169675409112806e+01
