-4.456238583214718219e+00
-2.455249322343888263e+00
-1.025771712023035853e+00
5.073744842445319925e-03
7.431036742242074222e-01
1.249749750781302904e+00
1.558160508934692823e+00
1.685559504035120337e+00
1.643460199701426427e+00
1.446110149417558777e+00
1.116624789477740798e+00
6.899923585695380002e-01
2.125309539306858841e-01
-2.619432621399738759e-01
-6.784677724114310804e-01
-9.886654899619420345e-01
-1.158235275460277380e+00
-1.172238239471383947e+00
-1.036662074055102911e+00
-7.760729233158206730e-01
-4.285507244586952980e-01
-3.961525816701094022e-02
3.436345305142783357e-01
6.777624282520383625e-01
9.276582546798045614e-01
1.070530746225105689e+00
1.098690697071918354e+00
1.020269878818337528e+00
8.572090508302011580e-01
6.406059488570849947e-01
4.044943924206151897e-01
1.797482978129079922e-01
-1.032838561790443144e-02
-1.519622904738659741e-01
-2.406242463934902265e-01
-2.793176573934780249e-01
-2.763418655387562817e-01
-2.431309836200684082e-01
-1.923947376788802122e-01
-1.365552405238917855e-01
-8.642653979747574877e-02
-5.014782068576493362e-02
-3.245668359273511105e-02
-3.441385652380873211e-02
-5.365315831244647782e-02
-8.514859562504063784e-02
-1.223889594803228287e-01
-1.587535509454383598e-01
-1.888189245255148252e-01
-2.093257289862421322e-01
-2.196118074356232797e-01
-2.214537850541133390e-01
-2.184022289137467210e-01
-2.147878140889526166e-01
-2.145932869106191021e-01
-2.203530533672613811e-01
-2.322115481424293360e-01
-2.472803523308188534e-01
-2.594724508703916688e-01
-2.600069007532690435e-01
-2.387079917022822684e-01
-1.860453080074051246e-01
-9.561118199527489370e-02
3.350056219081142678e-02
1.950590136655097895e-01
3.753585216153857429e-01
5.544482120972122896e-01
7.088023377338922293e-01
8.149317103037336807e-01
8.532034770470564577e-01
8.111052638849425289e-01
6.853530100571653128e-01
4.825298323340286855e-01
2.182447519027174432e-01
-8.498435558570929804e-02
-4.008077013498654861e-01
-7.026757150718518918e-01
-9.674567678644959701e-01
-1.178244349455820128e+00
-1.325457340645487481e+00
-1.405632859305933291e+00
-1.418135038419106708e+00
-1.361131642598978120e+00
-1.229016981848719547e+00
-1.013286014979881022e+00
-7.074234454336778555e-01
-3.142130172787706566e-01
1.478048224801814248e-01
6.421008766370506216e-01
1.117853616060296540e+00
1.518686168487330512e+00
1.793384093796950740e+00
1.904814905863688290e+00
1.834226704018571574e+00
1.580102498167756719e+00
1.152684553116601895e+00
5.662131034947290864e-01
-1.694508122760211843e-01
-1.057474157118574176e+00
-2.124339916231864134e+00
